%YAML:1.0

#--------------------------------------------------------------------------------------------
# System config
#--------------------------------------------------------------------------------------------

# When the variables are commented, the system doesn't load a previous session or not store the current one

# If the LoadFile doesn't exist, the system give a message and create a new Atlas from scratch
#System.LoadAtlasFromFile: "Session_MH01_MH02_MH03_Stereo60_Pseudo"

# The store file is created from the current session, if a file with the same name exists it is deleted
#System.SaveAtlasToFile: "Session_MH01_MH02_MH03_Stereo60_Pseudo"

#--------------------------------------------------------------------------------------------
# Camera Parameters. Adjust them!
#--------------------------------------------------------------------------------------------
File.version: "1.0"

Camera.type: "PinHole"
#第一组实验，控制变量，共视区域角度phi不变，通过修改FOV来修改总视野S
# 通过测试知道了真实值计算方法，以FOV=80为例：图片大小960*540，胶片背板大小(16:9)为23.76*13.365，设置的焦距为14.15，则fx、fy=960/23.76*14.15。cx=960/2,cy=540/2

## 真实值 FOV=60 fx、fy=960/23.76*20.5=828.2828282828283。cx=960/2,cy=540/2
#Camera1.fx: 828.2828282828283
#Camera1.fy: 828.2828282828283
#Camera1.cx: 480.0
#Camera1.cy: 270.0
#Camera1.k1: 0.0
#Camera1.k2: 0.0
#Camera1.p1: 0.0
#Camera1.p2: 0.0
#Camera2.fx: 828.2828282828283
#Camera2.fy: 828.2828282828283
#Camera2.cx: 480.0
#Camera2.cy: 270.0
#Camera2.k1: 0.0
#Camera2.k2: 0.0
#Camera2.p1: 0.0
#Camera2.p2: 0.0

## 真实值 FOV=70 fx、fy=960/23.76*16.95=684.848484。cx=960/2,cy=540/2
#Camera1.fx: 684.8484848484848
#Camera1.fy: 684.8484848484848
#Camera1.cx: 480.0
#Camera1.cy: 270.0
#Camera1.k1: 0.0
#Camera1.k2: 0.0
#Camera1.p1: 0.0
#Camera1.p2: 0.0
#Camera2.fx: 684.8484848484848
#Camera2.fy: 684.8484848484848
#Camera2.cx: 480.0
#Camera2.cy: 270.0
#Camera2.k1: 0.0
#Camera2.k2: 0.0
#Camera2.p1: 0.0
#Camera2.p2: 0.0

# 真实值 FOV=80 fx、fy=960/23.76*14.15=571.717171。cx=960/2,cy=540/2
#Camera1.fx: 571.717171
#Camera1.fy: 571.717171
#Camera1.cx: 480.0
#Camera1.cy: 270.0
#Camera1.k1: 0.0
#Camera1.k2: 0.0
#Camera1.p1: 0.0
#Camera1.p2: 0.0
#Camera2.fx: 571.717171
#Camera2.fy: 571.717171
#Camera2.cx: 480.0
#Camera2.cy: 270.0
#Camera2.k1: 0.0
#Camera2.k2: 0.0
#Camera2.p1: 0.0
#Camera2.p2: 0.0

# 真实值 FOV=90 fx、fy=960/23.76*11.87=479.59595959。cx=960/2,cy=540/2
#Camera1.fx: 479.5959596
#Camera1.fy: 479.5959596
#Camera1.cx: 480.0
#Camera1.cy: 270.0
#Camera1.k1: 0.0
#Camera1.k2: 0.0
#Camera1.p1: 0.0
#Camera1.p2: 0.0
#Camera2.fx: 479.5959596
#Camera2.fy: 479.5959596
#Camera2.cx: 480.0
#Camera2.cy: 270.0
#Camera2.k1: 0.0
#Camera2.k2: 0.0
#Camera2.p1: 0.0
#Camera2.p2: 0.0

# 真实值 FOV=100 fx、fy=960/23.76*9.96=402.424242。cx=960/2,cy=540/2
Camera1.fx: 402.424242
Camera1.fy: 402.424242
Camera1.cx: 480.0
Camera1.cy: 270.0
Camera1.k1: 0.0
Camera1.k2: 0.0
Camera1.p1: 0.0
Camera1.p2: 0.0
Camera2.fx: 402.424242
Camera2.fy: 402.424242
Camera2.cx: 480.0
Camera2.cy: 270.0
Camera2.k1: 0.0
Camera2.k2: 0.0
Camera2.p1: 0.0
Camera2.p2: 0.0

# 真实值 FOV=110 fx、fy=960/23.76*8.31=335.757575。cx=960/2,cy=540/2
#Camera1.fx: 335.75757575758
#Camera1.fy: 335.75757575758
#Camera1.cx: 480.0
#Camera1.cy: 270.0
#Camera1.k1: 0.0
#Camera1.k2: 0.0
#Camera1.p1: 0.0
#Camera1.p2: 0.0
#Camera2.fx: 335.75757575758
#Camera2.fy: 335.75757575758
#Camera2.cx: 480.0
#Camera2.cy: 270.0
#Camera2.k1: 0.0
#Camera2.k2: 0.0
#Camera2.p1: 0.0
#Camera2.p2: 0.0

# 真实值 FOV=115 fx、fy=960/23.76*7.56=305.454545。cx=960/2,cy=540/2
#Camera1.fx: 305.45454545454545
#Camera1.fy: 305.45454545454545
#Camera1.cx: 480.0
#Camera1.cy: 270.0
#Camera1.k1: 0.0
#Camera1.k2: 0.0
#Camera1.p1: 0.0
#Camera1.p2: 0.0
#Camera2.fx: 305.45454545454545
#Camera2.fy: 305.45454545454545
#Camera2.cx: 480.0
#Camera2.cy: 270.0
#Camera2.k1: 0.0
#Camera2.k2: 0.0
#Camera2.p1: 0.0
#Camera2.p2: 0.0

# 真实值 FOV=120 fx、fy=960/23.76*6.85=276.76767676。cx=960/2,cy=540/2
#Camera1.fx: 276.767676768
#Camera1.fy: 276.767676768
#Camera1.cx: 480.0
#Camera1.cy: 270.0
#Camera1.k1: 0.0
#Camera1.k2: 0.0
#Camera1.p1: 0.0
#Camera1.p2: 0.0
#Camera2.fx: 276.767676768
#Camera2.fy: 276.767676768
#Camera2.cx: 480.0
#Camera2.cy: 270.0
#Camera2.k1: 0.0
#Camera2.k2: 0.0
#Camera2.p1: 0.0
#Camera2.p2: 0.0

# 真实值 FOV=125 fx、fy=960/23.76*6.18=249.69696969。cx=960/2,cy=540/2
#Camera1.fx: 249.69696969697
#Camera1.fy: 249.69696969697
#Camera1.cx: 480.0
#Camera1.cy: 270.0
#Camera1.k1: 0.0
#Camera1.k2: 0.0
#Camera1.p1: 0.0
#Camera1.p2: 0.0
#Camera2.fx: 249.69696969697
#Camera2.fy: 249.69696969697
#Camera2.cx: 480.0
#Camera2.cy: 270.0
#Camera2.k1: 0.0
#Camera2.k2: 0.0
#Camera2.p1: 0.0
#Camera2.p2: 0.0

# 真实值 FOV=130 fx、fy=960/23.76*5.53=223.43434343。cx=960/2,cy=540/2
#Camera1.fx: 223.43434343
#Camera1.fy: 223.43434343
#Camera1.cx: 480.0
#Camera1.cy: 270.0
#Camera1.k1: 0.0
#Camera1.k2: 0.0
#Camera1.p1: 0.0
#Camera1.p2: 0.0
#Camera2.fx: 223.43434343
#Camera2.fy: 223.43434343
#Camera2.cx: 480.0
#Camera2.cy: 270.0
#Camera2.k1: 0.0
#Camera2.k2: 0.0
#Camera2.p1: 0.0
#Camera2.p2: 0.0

# 真实值 FOV=135 fx、fy=960/23.76*4.92=198.78787878。cx=960/2,cy=540/2
#Camera1.fx: 198.78787878788
#Camera1.fy: 198.78787878788
#Camera1.cx: 480.0
#Camera1.cy: 270.0
#Camera1.k1: 0.0
#Camera1.k2: 0.0
#Camera1.p1: 0.0
#Camera1.p2: 0.0
#Camera2.fx: 198.78787878788
#Camera2.fy: 198.78787878788
#Camera2.cx: 480.0
#Camera2.cy: 270.0
#Camera2.k1: 0.0
#Camera2.k2: 0.0
#Camera2.p1: 0.0
#Camera2.p2: 0.0

# 真实值 FOV=140 fx、fy=960/23.76*4.32=174.545454。cx=960/2,cy=540/2
#Camera1.fx: 174.545454545
#Camera1.fy: 174.545454545
#Camera1.cx: 480.0
#Camera1.cy: 270.0
#Camera1.k1: 0.0
#Camera1.k2: 0.0
#Camera1.p1: 0.0
#Camera1.p2: 0.0
#Camera2.fx: 174.545454545
#Camera2.fy: 174.545454545
#Camera2.cx: 480.0
#Camera2.cy: 270.0
#Camera2.k1: 0.0
#Camera2.k2: 0.0
#Camera2.p1: 0.0
#Camera2.p2: 0.0

Camera.width: 960
Camera.height: 540
#Camera.newWidth: 900
#Camera.newHeight: 500  #看例子，这俩参数是用来缩小图像去掉黑边的，不是扩大

# Camera frames per second 
Camera.fps: 20

# Color order of the images (0: BGR, 1: RGB. It is ignored if images are grayscale)
Camera.RGB: 1

Stereo.ThDepth: 60.0  #用于区分哪些特征点是近点，哪些是远点
