%YAML:1.0

#--------------------------------------------------------------------------------------------
# Camera Parameters. Adjust them!
#--------------------------------------------------------------------------------------------
Camera.type: "KannalaBrandt8"
#Camera.type: "PinHole"
#960*540 第一次实验。ue默认设置焦距15，视角固定采集数据，没控制变量
#Camera.fx: 282.4369286609106
#Camera.fy: 282.4255862629835
#Camera.cx: 479.53969318222
#Camera.cy: 269.48207436772026
#Camera.k1: 0.3244977370661135
#Camera.k2: 0.16589627481885358
#Camera.k3: -0.013237704412499381
#Camera.k4: 0.07536485148444078
#Camera2.fx: 282.4369286609106
#Camera2.fy: 282.4255862629835
#Camera2.cx: 479.53969318222
#Camera2.cy: 269.48207436772026
#Camera2.k1: 0.3244977370661135
#Camera2.k2: 0.16589627481885358
#Camera2.k3: -0.013237704412499381
#Camera2.k4: 0.07536485148444078

# ue_pin文件夹，用更大的fov，固定fov，更改夹角theta
# # fx、fy=960/23.76*7=282.8282828。cx=960/2,cy=540/2
#Camera.fx: 282.8282828
#Camera.fy: 282.8282828
#Camera.cx: 480.0
#Camera.cy: 270.0
#Camera.k1: 0.33123887892876225
#Camera.k2: 0.15310495026770257
#Camera.k3: -0.00044383114715550805
#Camera.k4: 0.07359668343403605
#Camera2.fx: 282.8282828
#Camera2.fy: 282.8282828
#Camera2.cx: 480.0
#Camera2.cy: 270.0
#Camera2.k1: 0.33123887892876225
#Camera2.k2: 0.15310495026770257
#Camera2.k3: -0.00044383114715550805
#Camera2.k4: 0.07359668343403605

#第一组实验，控制变量，共视区域角度phi不变，通过修改FOV来修改总视野S
# 通过测试知道了真实值计算方法，以FOV=80为例：图片大小960*540，胶片背板大小(16:9)为23.76*13.365，设置的焦距为14.15，则fx、fy=960/23.76*14.15。cx=960/2,cy=540/2
# 但是使用这个真实值得到的slam结果很差，发现问题是不能用kb模型，kb模型的四个畸变参数不是0，用pinhole-radtan，见ue_pin_2.yaml
##FOV=60 标定
#Camera.fx: 842.1455177894156
#Camera.fy: 840.3701038910048
#Camera.cx: 473.93184537724056
#Camera.cy: 259.87111941017645
#Camera.k1: 0.23136044134099126
#Camera.k2: 1.195304417661223
#Camera.k3: -4.568926954015084
#Camera.k4: 6.936732646435211
#Camera2.fx: 842.1455177894156
#Camera2.fy: 840.3701038910048
#Camera2.cx: 473.93184537724056
#Camera2.cy: 259.87111941017645
#Camera2.k1: 0.23136044134099126
#Camera2.k2: 1.195304417661223
#Camera2.k3: -4.568926954015084
#Camera2.k4: 6.936732646435211
## 真实值 使用radtan模型真实值转换
#Camera.fx: 828.2828282828283
#Camera.fy: 828.2828282828283
#Camera.cx: 480.0
#Camera.cy: 270.0
#Camera.k1: 0.33281976859392076
#Camera.k2: 0.13960932573057316
#Camera.k3: 0.03989596473635706
#Camera.k4: 0.01052675486171711
#Camera2.fx: 828.2828282828283
#Camera2.fy: 828.2828282828283
#Camera2.cx: 480.0
#Camera2.cy: 270.0
#Camera2.k1: 0.33281976859392076
#Camera2.k2: 0.13960932573057316
#Camera2.k3: 0.03989596473635706
#Camera2.k4: 0.01052675486171711

##FOV=70
#Camera.fx: 684.5102792972211
#Camera.fy: 684.4289119798227
#Camera.cx: 479.6594456650009
#Camera.cy: 269.17183485171375
#Camera.k1: 0.3193842806898702
#Camera.k2: 0.24373879752429736
#Camera.k3: -0.3303830163213694
#Camera.k4: 0.4590818450074104
#Camera2.fx: 684.5102792972211
#Camera2.fy: 684.4289119798227
#Camera2.cx: 479.6594456650009
#Camera2.cy: 269.17183485171375
#Camera2.k1: 0.3193842806898702
#Camera2.k2: 0.24373879752429736
#Camera2.k3: -0.3303830163213694
#Camera2.k4: 0.4590818450074104
## 真实值 使用radtan模型真实值转换
#Camera.fx: 684.8484848484848
#Camera.fy: 684.8484848484848
#Camera.cx: 480.0
#Camera.cy: 270.0
#Camera.k1: 0.33326978589738815
#Camera.k2: 0.13357567265442208
#Camera.k3: 0.05504092158690694
#Camera.k4: 0.02153528048257481
#Camera2.fx: 684.8484848484848
#Camera2.fy: 684.8484848484848
#Camera2.cx: 480.0
#Camera2.cy: 270.0
#Camera2.k1: 0.33326978589738815
#Camera2.k2: 0.13357567265442208
#Camera2.k3: 0.05504092158690694
#Camera2.k4: 0.02153528048257481

#0#FOV=80
#Camera.fx: 571.5639765507864
#Camera.fy: 571.4691315977727
#Camera.cx: 479.5726668203114
#Camera.cy: 269.26163559568676
#Camera.k1: 0.3224234970336173
#Camera.k2: 0.196436316079117
#Camera.k3: -0.10882162249613855
#Camera.k4: 0.15587007338658052
#Camera2.fx: 571.5639765507864
#Camera2.fy: 571.4691315977727
#Camera2.cx: 479.5726668203114
#Camera2.cy: 269.26163559568676
#Camera2.k1: 0.3224234970336173
#Camera2.k2: 0.196436316079117
#Camera2.k3: -0.10882162249613855
#Camera2.k4: 0.15587007338658052
# 真实值 FOV=80 使用radtan模型真实值转换
#Camera.fx: 571.717171
#Camera.fy: 571.717171
#Camera.cx: 480.0
#Camera.cy: 270.0
#Camera.k1: 0.3334579587781099
#Camera.k2: 0.1319395947891031
#Camera.k3: 0.057033435272558886
#Camera.k4: 0.02544940284112337
#Camera2.fx: 571.717171
#Camera2.fy: 571.717171
#Camera2.cx: 480.0
#Camera2.cy: 270.0
#Camera2.k1: 0.3334579587781099
#Camera2.k2: 0.1319395947891031
#Camera2.k3: 0.05703343527255888
#Camera2.k4: 0.02544940284112337

# 真实值 FOV=85 使用radtan模型真实值转换
# fx、fy=960/23.76*12.96=523.63636363。cx=960/2,cy=540/2
#Camera.fx: 523.636363636
#Camera.fy: 523.636363636
#Camera.cx: 480.0
#Camera.cy: 270.0
#Camera.k1: 0.33354017280716475
#Camera.k2: 0.13135613883423694
#Camera.k3: 0.05747478696206408
#Camera.k4: 0.026733226273574415
#Camera2.fx: 523.636363636
#Camera2.fy: 523.636363636
#Camera2.cx: 480.0
#Camera2.cy: 270.0
#Camera2.k1: 0.33354017280716475
#Camera2.k2: 0.13135613883423694
#Camera2.k3: 0.05747478696206408
#Camera2.k4: 0.026733226273574415

##FOV=90
#Camera.fx: 479.6258359814887
#Camera.fy: 479.5029845802374
#Camera.cx: 479.5176331866202
#Camera.cy: 269.33304825799627
#Camera.k1: 0.31746872260486353
#Camera.k2: 0.222173820557721
#Camera.k3: -0.14948235978732774
#Camera.k4: 0.1754668794339438
#Camera2.fx: 479.6258359814887
#Camera2.fy: 479.5029845802374
#Camera2.cx: 479.5176331866202
#Camera2.cy: 269.33304825799627
#Camera2.k1: 0.31746872260486353
#Camera2.k2: 0.222173820557721
#Camera2.k3: -0.14948235978732774
#Camera2.k4: 0.1754668794339438
# 真实值 FOV=90 使用radtan模型真实值转换
#Camera.fx: 479.5959596
#Camera.fy: 479.5959596
#Camera.cx: 480.0
#Camera.cy: 270.0
#Camera.k1: 0.33365182803067356
#Camera.k2: 0.13063104312949045
#Camera.k3: 0.05800230990598857
#Camera.k4: 0.027966740336449827
#Camera2.fx: 479.5959596
#Camera2.fy: 479.5959596
#Camera2.cx: 480.0
#Camera2.cy: 270.0
#Camera2.k1: 0.33365182803067356
#Camera2.k2: 0.13063104312949045
#Camera2.k3: 0.05800230990598857
#Camera2.k4: 0.027966740336449827

# 真实值 FOV=95 使用radtan模型真实值转换
# fx、fy=960/23.76*10.88=439.595955959。cx=960/2,cy=540/2
#Camera.fx: 439.5959559596
#Camera.fy: 439.5959559596
#Camera.cx: 480.0
#Camera.cy: 270.0
#Camera.k1: 0.3331097971956228
#Camera.k2: 0.13663482426105178
#Camera.k3: 0.039430031198668045
#Camera.k4: 0.045061907498003755
#Camera2.fx: 439.5959559596
#Camera2.fy: 439.5959559596
#Camera2.cx: 480.0
#Camera2.cy: 270.0
#Camera2.k1: 0.3331097971956228
#Camera2.k2: 0.13663482426105178
#Camera2.k3: 0.039430031198668045
#Camera2.k4: 0.045061907498003755

##FOV=100
#Camera.fx: 401.1756003839754
#Camera.fy: 401.1171469328311
#Camera.cx: 479.42114436715775
#Camera.cy: 269.26863648786565
#Camera.k1: 0.32373651520920366
#Camera.k2: 0.1646380052270938
#Camera.k3: -0.008161721407868305
#Camera.k4: 0.06656925362265774
#Camera2.fx: 401.1756003839754
#Camera2.fy: 401.1171469328311
#Camera2.cx: 479.42114436715775
#Camera2.cy: 269.26863648786565
#Camera2.k1: 0.32373651520920366
#Camera2.k2: 0.1646380052270938
#Camera2.k3: -0.008161721407868305
#Camera2.k4: 0.06656925362265774
# 真实值 FOV=100 使用radtan模型真实值转换
Camera.fx: 402.424242
Camera.fy: 402.424242
Camera.cx: 480.0
Camera.cy: 270.0
Camera.k1: 0.33297239702335685
Camera.k2: 0.13817759352569395
Camera.k3: 0.03474475189790228
Camera.k4: 0.04920910763841748
Camera2.fx: 402.424242
Camera2.fy: 402.424242
Camera2.cx: 480.0
Camera2.cy: 270.0
Camera2.k1: 0.33297239702335685
Camera2.k2: 0.13817759352569395
Camera2.k3: 0.03474475189790228
